,,the_donald,enoughtrumpspam,blank
query_result,the_donald,0.12,0.04,0.0
query_result,enoughtrumpspam,0.0,0.12,0.04
query_result,blank,0.02,0.02,0.12
recommendation,the_donald,0.9755,0.9739,0.9771
recommendation,enoughtrumpspam,0.9739,0.9612,0.9798
recommendation,blank,0.9771,0.9798,0.9757

,,the_donald,enoughtrumpspam,blank
query_result,the_donald,0.0,0.0,0.04
query_result,enoughtrumpspam,0.0,0.0,0.04
query_result,blank,0.12,0.12,0.12
recommendation,the_donald,0.9806,0.9694,0.9724
recommendation,enoughtrumpspam,0.9694,0.975,0.9776
recommendation,blank,0.9724,0.9776,0.9657

,,the_donald,enoughtrumpspam,blank
query_result,the_donald,0.0,0.0,0.04
query_result,enoughtrumpspam,0.0,0.0,0.04
query_result,blank,0.12,0.12,0.12
recommendation,the_donald,0.9768,0.9494,0.9583
recommendation,enoughtrumpspam,0.9494,0.9743,0.9771
recommendation,blank,0.9583,0.9771,0.9606

,,the_donald,enoughtrumpspam,blank
query_result,the_donald,0.08,0.08,0.08
query_result,enoughtrumpspam,0.0,0.0,0.04
query_result,blank,0.12,0.12,0.12
recommendation,the_donald,0.9411,0.9535,0.9619
recommendation,enoughtrumpspam,0.9535,0.9462,0.9663
recommendation,blank,0.9619,0.9663,0.9632

