,,the_donald,enoughtrumpspam,blank
query_result,the_donald,0.26,0.16,0.2
query_result,enoughtrumpspam,0.16,0.08,0.1
query_result,blank,0.28,0.28,0.22
recommendation,the_donald,0.8885,0.951,0.9542
recommendation,enoughtrumpspam,0.951,0.8958,0.9622
recommendation,blank,0.9542,0.9622,0.914

,,the_donald,enoughtrumpspam,blank
query_result,the_donald,0.04,0.4,0.08
query_result,enoughtrumpspam,0.0,0.4,0.44
query_result,blank,0.0,0.0,0.08
recommendation,the_donald,0.9521,0.975,0.9526
recommendation,enoughtrumpspam,0.975,0.9938,0.9755
recommendation,blank,0.9526,0.9755,0.9286

,,the_donald,enoughtrumpspam,blank
query_result,the_donald,0.16,0.34,0.16
query_result,enoughtrumpspam,0.0,0.4,0.4
query_result,blank,0.04,0.04,0.04
recommendation,the_donald,0.9469,0.947,0.9187
recommendation,enoughtrumpspam,0.947,0.9715,0.9755
recommendation,blank,0.9187,0.9755,0.9352

,,the_donald,enoughtrumpspam,blank
query_result,the_donald,0.12,0.44,0.12
query_result,enoughtrumpspam,0.0,0.46,0.46
query_result,blank,0.0,0.0,0.0
recommendation,the_donald,0.9653,0.945,0.9035
recommendation,enoughtrumpspam,0.945,0.944,0.949
recommendation,blank,0.9035,0.949,0.95

,,the_donald,enoughtrumpspam,blank
query_result,the_donald,0.0,0.04,0.12
query_result,enoughtrumpspam,0.04,0.0,0.08
query_result,blank,0.0,0.04,0.12
recommendation,the_donald,0.945,0.9541,0.9189
recommendation,enoughtrumpspam,0.9541,0.988,0.977
recommendation,blank,0.9189,0.977,0.948

,,the_donald,enoughtrumpspam,blank
query_result,the_donald,0.04,0.08,0.04
query_result,enoughtrumpspam,0.04,0.08,0.04
query_result,blank,0.0,0.04,0.0
recommendation,the_donald,0.96,0.9525,0.9005
recommendation,enoughtrumpspam,0.9525,0.977,0.9745
recommendation,blank,0.9005,0.9745,0.9535

,,the_donald,enoughtrumpspam,blank
query_result,the_donald,0.04,0.48,0.0
query_result,enoughtrumpspam,0.04,0.48,0.48
query_result,blank,0.04,0.0,0.0
recommendation,the_donald,0.9709,0.9587,0.9087
recommendation,enoughtrumpspam,0.9587,0.9719,0.972
recommendation,blank,0.9087,0.972,0.939

,,the_donald,enoughtrumpspam,blank
query_result,the_donald,0.42,0.42,0.44
query_result,enoughtrumpspam,0.04,0.0,0.06
query_result,blank,0.04,0.0,0.06
recommendation,the_donald,0.971,0.9555,0.9115
recommendation,enoughtrumpspam,0.9555,0.9345,0.945
recommendation,blank,0.9115,0.945,0.9455

,,the_donald,enoughtrumpspam,blank
query_result,the_donald,0.08,0.08,0.08
query_result,enoughtrumpspam,0.0,0.0,0.0
query_result,blank,0.08,0.08,0.08
recommendation,the_donald,0.9776,0.946,0.9055
recommendation,enoughtrumpspam,0.946,0.984,0.9885
recommendation,blank,0.9055,0.9885,0.9454

,,the_donald,enoughtrumpspam,blank
query_result,the_donald,0.0,0.04,0.0
query_result,enoughtrumpspam,0.0,0.04,0.04
query_result,blank,0.04,0.04,0.04
recommendation,the_donald,0.9515,0.9704,0.932
recommendation,enoughtrumpspam,0.9704,0.9878,0.9745
recommendation,blank,0.932,0.9745,0.9383

,,the_donald,enoughtrumpspam,blank
query_result,the_donald,0.0,0.0,0.36
query_result,enoughtrumpspam,0.0,0.0,0.36
query_result,blank,0.0,0.0,0.36
recommendation,the_donald,0.9715,0.9305,0.9042
recommendation,enoughtrumpspam,0.9305,0.9835,0.9677
recommendation,blank,0.9042,0.9677,0.9193

,,the_donald,enoughtrumpspam,blank
query_result,the_donald,0.04,0.04,0.04
query_result,enoughtrumpspam,0.04,0.0,0.0
query_result,blank,0.0,0.04,0.04
recommendation,the_donald,0.9823,0.9562,0.9302
recommendation,enoughtrumpspam,0.9562,0.9878,0.9898
recommendation,blank,0.9302,0.9898,0.9193

,,the_donald,enoughtrumpspam,blank
query_result,the_donald,0.16,0.16,0.38
query_result,enoughtrumpspam,0.0,0.0,0.32
query_result,blank,0.08,0.08,0.36
recommendation,the_donald,0.9386,0.9469,0.9239
recommendation,enoughtrumpspam,0.9469,0.9801,0.9761
recommendation,blank,0.9239,0.9761,0.9413

,,the_donald,enoughtrumpspam,blank
query_result,the_donald,0.5,0.36,0.36
query_result,enoughtrumpspam,0.16,0.0,0.0
query_result,blank,0.16,0.04,0.04
recommendation,the_donald,0.9505,0.95,0.9199
recommendation,enoughtrumpspam,0.95,0.979,0.9755
recommendation,blank,0.9199,0.9755,0.9418

,,the_donald,enoughtrumpspam,blank
query_result,the_donald,0.0,0.04,0.04
query_result,enoughtrumpspam,0.04,0.0,0.0
query_result,blank,0.04,0.0,0.0
recommendation,the_donald,0.981,0.9658,0.9061
recommendation,enoughtrumpspam,0.9658,0.9855,0.9695
recommendation,blank,0.9061,0.9695,0.9165

