,,the_donald,enoughtrumpspam,blank
query_result,the_donald,0.26,0.16,0.2
query_result,enoughtrumpspam,0.16,0.08,0.1
query_result,blank,0.28,0.28,0.22
recommendation,the_donald,0.8885,0.951,0.9542
recommendation,enoughtrumpspam,0.951,0.8958,0.9622
recommendation,blank,0.9542,0.9622,0.914

,,the_donald,enoughtrumpspam,blank
query_result,the_donald,0.04,0.4,0.08
query_result,enoughtrumpspam,0.0,0.4,0.44
query_result,blank,0.0,0.0,0.08
recommendation,the_donald,0.9521,0.975,0.9526
recommendation,enoughtrumpspam,0.975,0.9938,0.9755
recommendation,blank,0.9526,0.9755,0.9286

,,the_donald,enoughtrumpspam,blank
query_result,the_donald,0.16,0.34,0.16
query_result,enoughtrumpspam,0.0,0.4,0.4
query_result,blank,0.04,0.04,0.04
recommendation,the_donald,0.9469,0.947,0.9187
recommendation,enoughtrumpspam,0.947,0.9715,0.9755
recommendation,blank,0.9187,0.9755,0.9352

,,the_donald,enoughtrumpspam,blank
query_result,the_donald,0.12,0.44,0.12
query_result,enoughtrumpspam,0.0,0.46,0.46
query_result,blank,0.0,0.0,0.0
recommendation,the_donald,0.9653,0.945,0.9035
recommendation,enoughtrumpspam,0.945,0.944,0.949
recommendation,blank,0.9035,0.949,0.95

,,the_donald,enoughtrumpspam,blank
query_result,the_donald,0.0,0.04,0.12
query_result,enoughtrumpspam,0.04,0.0,0.08
query_result,blank,0.0,0.04,0.12
recommendation,the_donald,0.945,0.9541,0.9189
recommendation,enoughtrumpspam,0.9541,0.988,0.977
recommendation,blank,0.9189,0.977,0.948

,,the_donald,enoughtrumpspam,blank
query_result,the_donald,0.04,0.08,0.04
query_result,enoughtrumpspam,0.04,0.08,0.04
query_result,blank,0.0,0.04,0.0
recommendation,the_donald,0.96,0.9525,0.9005
recommendation,enoughtrumpspam,0.9525,0.977,0.9745
recommendation,blank,0.9005,0.9745,0.9535

,,the_donald,enoughtrumpspam,blank
query_result,the_donald,0.04,0.48,0.0
query_result,enoughtrumpspam,0.04,0.48,0.48
query_result,blank,0.04,0.0,0.0
recommendation,the_donald,0.9709,0.9587,0.9087
recommendation,enoughtrumpspam,0.9587,0.9719,0.972
recommendation,blank,0.9087,0.972,0.939

,,the_donald,enoughtrumpspam,blank
query_result,the_donald,0.42,0.42,0.44
query_result,enoughtrumpspam,0.04,0.0,0.06
query_result,blank,0.04,0.0,0.06
recommendation,the_donald,0.971,0.9555,0.9115
recommendation,enoughtrumpspam,0.9555,0.9345,0.945
recommendation,blank,0.9115,0.945,0.9455

,,the_donald,enoughtrumpspam,blank
query_result,the_donald,0.08,0.08,0.08
query_result,enoughtrumpspam,0.0,0.0,0.0
query_result,blank,0.08,0.08,0.08
recommendation,the_donald,0.9776,0.946,0.9055
recommendation,enoughtrumpspam,0.946,0.984,0.9885
recommendation,blank,0.9055,0.9885,0.9454

,,the_donald,enoughtrumpspam,blank
query_result,the_donald,0.0,0.04,0.0
query_result,enoughtrumpspam,0.0,0.04,0.04
query_result,blank,0.04,0.04,0.04
recommendation,the_donald,0.9515,0.9704,0.932
recommendation,enoughtrumpspam,0.9704,0.9878,0.9745
recommendation,blank,0.932,0.9745,0.9383

,,the_donald,enoughtrumpspam,blank
query_result,the_donald,0.0,0.0,0.36
query_result,enoughtrumpspam,0.0,0.0,0.36
query_result,blank,0.0,0.0,0.36
recommendation,the_donald,0.9715,0.9305,0.9042
recommendation,enoughtrumpspam,0.9305,0.9835,0.9677
recommendation,blank,0.9042,0.9677,0.9193

,,the_donald,enoughtrumpspam,blank
query_result,the_donald,0.04,0.04,0.04
query_result,enoughtrumpspam,0.04,0.0,0.0
query_result,blank,0.0,0.04,0.04
recommendation,the_donald,0.9823,0.9562,0.9302
recommendation,enoughtrumpspam,0.9562,0.9878,0.9898
recommendation,blank,0.9302,0.9898,0.9193

,,the_donald,enoughtrumpspam,blank
query_result,the_donald,0.16,0.16,0.38
query_result,enoughtrumpspam,0.0,0.0,0.32
query_result,blank,0.08,0.08,0.36
recommendation,the_donald,0.9386,0.9469,0.9239
recommendation,enoughtrumpspam,0.9469,0.9801,0.9761
recommendation,blank,0.9239,0.9761,0.9413

,,the_donald,enoughtrumpspam,blank
query_result,the_donald,0.5,0.36,0.36
query_result,enoughtrumpspam,0.16,0.0,0.0
query_result,blank,0.16,0.04,0.04
recommendation,the_donald,0.9505,0.95,0.9199
recommendation,enoughtrumpspam,0.95,0.979,0.9755
recommendation,blank,0.9199,0.9755,0.9418

,,the_donald,enoughtrumpspam,blank
query_result,the_donald,0.0,0.04,0.04
query_result,enoughtrumpspam,0.04,0.0,0.0
query_result,blank,0.04,0.0,0.0
recommendation,the_donald,0.981,0.9658,0.9061
recommendation,enoughtrumpspam,0.9658,0.9855,0.9695
recommendation,blank,0.9061,0.9695,0.9165

,,the_donald,enoughtrumpspam,blank
query_result,the_donald,0.04,0.52,0.0
query_result,enoughtrumpspam,0.0,0.52,0.52
query_result,blank,0.0,0.0,0.04
recommendation,the_donald,0.9321,0.9792,0.8668
recommendation,enoughtrumpspam,0.9792,0.9859,0.9888
recommendation,blank,0.8668,0.9888,0.9168

,,the_donald,enoughtrumpspam,blank
query_result,the_donald,0.0,0.1,0.0
query_result,enoughtrumpspam,0.0,0.1,0.1
query_result,blank,0.0,0.0,0.0
recommendation,the_donald,0.9735,0.9755,0.905
recommendation,enoughtrumpspam,0.9755,0.9872,0.985
recommendation,blank,0.905,0.985,0.931

,,the_donald,enoughtrumpspam,blank
query_result,the_donald,0.0,0.0,0.12
query_result,enoughtrumpspam,0.0,0.0,0.12
query_result,blank,0.1,0.1,0.18
recommendation,the_donald,0.9355,0.976,0.9146
recommendation,enoughtrumpspam,0.976,0.9855,0.987
recommendation,blank,0.9146,0.987,0.9265

,,the_donald,enoughtrumpspam,blank
query_result,the_donald,0.04,0.04,0.0
query_result,enoughtrumpspam,0.0,0.0,0.04
query_result,blank,0.0,0.0,0.04
recommendation,the_donald,0.9663,0.9745,0.8964
recommendation,enoughtrumpspam,0.9745,0.971,0.9495
recommendation,blank,0.8964,0.9495,0.9148

,,the_donald,enoughtrumpspam,blank
query_result,the_donald,0.08,0.08,0.06
query_result,enoughtrumpspam,0.0,0.0,0.04
query_result,blank,0.0,0.0,0.04
recommendation,the_donald,0.9694,0.9735,0.8505
recommendation,enoughtrumpspam,0.9735,0.97,0.9633
recommendation,blank,0.8505,0.9633,0.9219

,,the_donald,enoughtrumpspam,blank
query_result,the_donald,0.04,0.36,0.06
query_result,enoughtrumpspam,0.0,0.38,0.38
query_result,blank,0.0,0.0,0.1
recommendation,the_donald,0.9827,0.976,0.9219
recommendation,enoughtrumpspam,0.976,0.9801,0.976
recommendation,blank,0.9219,0.976,0.9224

,,the_donald,enoughtrumpspam,blank
query_result,the_donald,0.08,0.08,0.0
query_result,enoughtrumpspam,0.0,0.0,0.08
query_result,blank,0.04,0.04,0.08
recommendation,the_donald,0.8922,0.977,0.9495
recommendation,enoughtrumpspam,0.977,0.982,0.9719
recommendation,blank,0.9495,0.9719,0.9443

,,the_donald,enoughtrumpspam,blank
query_result,the_donald,0.12,0.12,0.04
query_result,enoughtrumpspam,0.04,0.04,0.16
query_result,blank,0.04,0.0,0.16
recommendation,the_donald,0.8833,0.9675,0.9112
recommendation,enoughtrumpspam,0.9675,0.9776,0.9681
recommendation,blank,0.9112,0.9681,0.9782

,,the_donald,enoughtrumpspam,blank
query_result,the_donald,0.3,0.34,0.36
query_result,enoughtrumpspam,0.0,0.04,0.12
query_result,blank,0.0,0.0,0.12
recommendation,the_donald,0.9713,0.973,0.9021
recommendation,enoughtrumpspam,0.973,0.9413,0.9714
recommendation,blank,0.9021,0.9714,0.9844

,,the_donald,enoughtrumpspam,blank
query_result,the_donald,0.24,0.24,0.04
query_result,enoughtrumpspam,0.04,0.0,0.2
query_result,blank,0.04,0.0,0.2
recommendation,the_donald,0.9761,0.9719,0.9
recommendation,enoughtrumpspam,0.9719,0.9745,0.9
recommendation,blank,0.9,0.9,0.9826

,,the_donald,enoughtrumpspam,blank
query_result,the_donald,0.14,0.14,0.0
query_result,enoughtrumpspam,0.0,0.0,0.14
query_result,blank,0.0,0.0,0.14
recommendation,the_donald,0.9824,0.9765,0.9862
recommendation,enoughtrumpspam,0.9765,0.9825,0.983
recommendation,blank,0.9862,0.983,0.9766

,,the_donald,enoughtrumpspam,blank
query_result,the_donald,0.0,0.4,0.16
query_result,enoughtrumpspam,0.16,0.3,0.3
query_result,blank,0.0,0.16,0.16
recommendation,the_donald,0.961,0.9806,0.9701
recommendation,enoughtrumpspam,0.9806,0.9755,0.977
recommendation,blank,0.9701,0.977,0.9799

,,the_donald,enoughtrumpspam,blank
query_result,the_donald,0.12,0.08,0.0
query_result,enoughtrumpspam,0.12,0.0,0.08
query_result,blank,0.12,0.0,0.08
recommendation,the_donald,0.9766,0.9766,0.9021
recommendation,enoughtrumpspam,0.9766,0.9805,0.8969
recommendation,blank,0.9021,0.8969,0.8958

,,the_donald,enoughtrumpspam,blank
query_result,the_donald,0.08,0.08,0.0
query_result,enoughtrumpspam,0.38,0.42,0.08
query_result,blank,0.0,0.38,0.08
recommendation,the_donald,0.9839,0.9704,0.8953
recommendation,enoughtrumpspam,0.9704,0.9837,0.9339
recommendation,blank,0.8953,0.9339,0.8979

,,the_donald,enoughtrumpspam,blank
query_result,the_donald,0.12,0.12,0.0
query_result,enoughtrumpspam,0.4,0.4,0.12
query_result,blank,0.0,0.4,0.12
recommendation,the_donald,0.8207,0.969,0.8835
recommendation,enoughtrumpspam,0.969,0.9812,0.9878
recommendation,blank,0.8835,0.9878,0.8846

,,the_donald,enoughtrumpspam,blank
query_result,the_donald,0.1,0.34,0.8
query_result,enoughtrumpspam,0.36,0.34,0.8
query_result,blank,0.0,0.36,0.82
recommendation,the_donald,0.8638,0.967,0.9
recommendation,enoughtrumpspam,0.967,0.9709,0.9731
recommendation,blank,0.9,0.9731,0.8988

,,the_donald,enoughtrumpspam,blank
query_result,the_donald,0.42,0.42,0.44
query_result,enoughtrumpspam,0.46,0.46,0.04
query_result,blank,0.0,0.46,0.04
recommendation,the_donald,0.9756,0.971,0.8781
recommendation,enoughtrumpspam,0.971,0.9795,0.977
recommendation,blank,0.8781,0.977,0.8934

,,the_donald,enoughtrumpspam,blank
query_result,the_donald,0.04,0.04,0.0
query_result,enoughtrumpspam,0.48,0.48,0.04
query_result,blank,0.0,0.48,0.04
recommendation,the_donald,0.9704,0.968,0.9388
recommendation,enoughtrumpspam,0.968,0.9695,0.9765
recommendation,blank,0.9388,0.9765,0.9276

,,the_donald,enoughtrumpspam,blank
query_result,the_donald,0.04,0.04,0.0
query_result,enoughtrumpspam,0.38,0.38,0.04
query_result,blank,0.0,0.38,0.04
recommendation,the_donald,0.9801,0.964,0.9296
recommendation,enoughtrumpspam,0.964,0.983,0.9856
recommendation,blank,0.9296,0.9856,0.9459

,,the_donald,enoughtrumpspam,blank
query_result,the_donald,0.04,0.04,0.0
query_result,enoughtrumpspam,0.3,0.3,0.04
query_result,blank,0.0,0.3,0.04
recommendation,the_donald,0.9806,0.981,0.9449
recommendation,enoughtrumpspam,0.981,0.976,0.9729
recommendation,blank,0.9449,0.9729,0.9434

,,the_donald,enoughtrumpspam,blank
query_result,the_donald,0.04,0.04,0.1
query_result,enoughtrumpspam,0.44,0.44,0.08
query_result,blank,0.0,0.44,0.08
recommendation,the_donald,0.9194,0.9705,0.9435
recommendation,enoughtrumpspam,0.9705,0.9719,0.9859
recommendation,blank,0.9435,0.9859,0.961

,,the_donald,enoughtrumpspam,blank
query_result,the_donald,0.04,0.0,0.0
query_result,enoughtrumpspam,0.32,0.34,0.0
query_result,blank,0.04,0.34,0.0
recommendation,the_donald,0.893,0.9845,0.9485
recommendation,enoughtrumpspam,0.9845,0.9856,0.9798
recommendation,blank,0.9485,0.9798,0.968

,,the_donald,enoughtrumpspam,blank
query_result,the_donald,0.26,0.26,0.04
query_result,enoughtrumpspam,0.36,0.36,0.22
query_result,blank,0.18,0.4,0.12
recommendation,the_donald,0.9776,0.979,0.951
recommendation,enoughtrumpspam,0.979,0.9839,0.976
recommendation,blank,0.951,0.976,0.9745

,,the_donald,enoughtrumpspam,blank
query_result,the_donald,0.08,0.08,0.0
query_result,enoughtrumpspam,0.56,0.56,0.08
query_result,blank,0.04,0.56,0.04
recommendation,the_donald,0.975,0.9795,0.952
recommendation,enoughtrumpspam,0.9795,0.9803,0.9766
recommendation,blank,0.952,0.9766,0.973

,,the_donald,enoughtrumpspam,blank
query_result,the_donald,0.04,0.04,0.4
query_result,enoughtrumpspam,0.54,0.54,0.38
query_result,blank,0.0,0.54,0.38
recommendation,the_donald,0.9699,0.972,0.9597
recommendation,enoughtrumpspam,0.972,0.9729,0.9707
recommendation,blank,0.9597,0.9707,0.9638

,,the_donald,enoughtrumpspam,blank
query_result,the_donald,0.04,0.04,0.0
query_result,enoughtrumpspam,0.4,0.4,0.04
query_result,blank,0.0,0.4,0.04
recommendation,the_donald,0.976,0.9745,0.9378
recommendation,enoughtrumpspam,0.9745,0.9797,0.9846
recommendation,blank,0.9378,0.9846,0.9796

,,the_donald,enoughtrumpspam,blank
query_result,the_donald,0.44,0.46,0.48
query_result,enoughtrumpspam,0.5,0.52,0.26
query_result,blank,0.08,0.5,0.16
recommendation,the_donald,0.9786,0.9476,0.9565
recommendation,enoughtrumpspam,0.9476,0.9738,0.9755
recommendation,blank,0.9565,0.9755,0.9674

,,the_donald,enoughtrumpspam,blank
query_result,the_donald,0.16,0.16,0.0
query_result,enoughtrumpspam,0.46,0.46,0.16
query_result,blank,0.0,0.46,0.16
recommendation,the_donald,0.9739,0.9255,0.9451
recommendation,enoughtrumpspam,0.9255,0.9668,0.9672
recommendation,blank,0.9451,0.9672,0.9554

,,the_donald,enoughtrumpspam,blank
query_result,the_donald,0.12,0.18,0.0
query_result,enoughtrumpspam,0.4,0.48,0.18
query_result,blank,0.0,0.4,0.12
recommendation,the_donald,0.9772,0.9644,0.9522
recommendation,enoughtrumpspam,0.9644,0.9832,0.9872
recommendation,blank,0.9522,0.9872,0.9696

,,the_donald,enoughtrumpspam,blank
query_result,the_donald,0.14,0.08,0.04
query_result,enoughtrumpspam,0.42,0.38,0.12
query_result,blank,0.2,0.44,0.18
recommendation,the_donald,0.988,0.9708,0.9685
recommendation,enoughtrumpspam,0.9708,0.9828,0.975
recommendation,blank,0.9685,0.975,0.9678

,,the_donald,enoughtrumpspam,blank
query_result,the_donald,0.08,0.08,0.0
query_result,enoughtrumpspam,0.4,0.4,0.08
query_result,blank,0.0,0.4,0.08
recommendation,the_donald,0.9677,0.891,0.9146
recommendation,enoughtrumpspam,0.891,0.9823,0.9848
recommendation,blank,0.9146,0.9848,0.9688

,,the_donald,enoughtrumpspam,blank
query_result,the_donald,0.08,0.08,0.08
query_result,enoughtrumpspam,0.4,0.4,0.16
query_result,blank,0.28,0.5,0.38
recommendation,the_donald,0.9776,0.9885,0.9193
recommendation,enoughtrumpspam,0.9885,0.987,0.9835
recommendation,blank,0.9193,0.9835,0.9723

,,the_donald,enoughtrumpspam,blank
query_result,the_donald,0.12,0.12,0.0
query_result,enoughtrumpspam,0.4,0.4,0.12
query_result,blank,0.14,0.4,0.2
recommendation,the_donald,0.9686,0.9825,0.9043
recommendation,enoughtrumpspam,0.9825,0.9807,0.9641
recommendation,blank,0.9043,0.9641,0.9603

,,the_donald,enoughtrumpspam,blank
query_result,the_donald,0.12,0.12,0.0
query_result,enoughtrumpspam,0.46,0.46,0.12
query_result,blank,0.0,0.46,0.12
recommendation,the_donald,0.9218,0.967,0.9277
recommendation,enoughtrumpspam,0.967,0.9781,0.9783
recommendation,blank,0.9277,0.9783,0.9676

,,the_donald,enoughtrumpspam,blank
query_result,the_donald,0.0,0.0,0.44
query_result,enoughtrumpspam,0.42,0.42,0.44
query_result,blank,0.04,0.42,0.42
recommendation,the_donald,0.9155,0.9795,0.9306
recommendation,enoughtrumpspam,0.9795,0.9913,0.9727
recommendation,blank,0.9306,0.9727,0.9661

,,the_donald,enoughtrumpspam,blank
query_result,the_donald,0.08,0.08,0.0
query_result,enoughtrumpspam,0.44,0.44,0.08
query_result,blank,0.0,0.44,0.08
recommendation,the_donald,0.9703,0.977,0.8458
recommendation,enoughtrumpspam,0.977,0.9832,0.9777
recommendation,blank,0.8458,0.9777,0.9625

,,the_donald,enoughtrumpspam,blank
query_result,the_donald,0.0,0.18,0.0
query_result,enoughtrumpspam,0.46,0.46,0.18
query_result,blank,0.0,0.46,0.0
recommendation,the_donald,0.9675,0.9039,0.902
recommendation,enoughtrumpspam,0.9039,0.984,0.9718
recommendation,blank,0.902,0.9718,0.9505

,,the_donald,enoughtrumpspam,blank
query_result,the_donald,0.68,0.62,0.6
query_result,enoughtrumpspam,0.46,0.34,0.36
query_result,blank,0.36,0.34,0.32
recommendation,the_donald,0.9338,0.946,0.9006
recommendation,enoughtrumpspam,0.946,0.975,0.9631
recommendation,blank,0.9006,0.9631,0.9619

,,the_donald,enoughtrumpspam,blank
query_result,the_donald,0.2,0.0,0.0
query_result,enoughtrumpspam,0.4,0.54,0.0
query_result,blank,0.0,0.4,0.2
recommendation,the_donald,0.9361,0.9461,0.9206
recommendation,enoughtrumpspam,0.9461,0.9738,0.9667
recommendation,blank,0.9206,0.9667,0.9478

,,the_donald,enoughtrumpspam,blank
query_result,the_donald,0.12,0.12,0.44
query_result,enoughtrumpspam,0.0,0.0,0.46
query_result,blank,0.0,0.0,0.46
recommendation,the_donald,0.9638,0.958,0.9554
recommendation,enoughtrumpspam,0.958,0.982,0.9851
recommendation,blank,0.9554,0.9851,0.9488

,,the_donald,enoughtrumpspam,blank
query_result,the_donald,0.22,0.4,0.0
query_result,enoughtrumpspam,0.12,0.46,0.4
query_result,blank,0.12,0.0,0.16
recommendation,the_donald,0.925,0.9327,0.9094
recommendation,enoughtrumpspam,0.9327,0.9281,0.9303
recommendation,blank,0.9094,0.9303,0.9293

,,the_donald,enoughtrumpspam,blank
query_result,the_donald,0.16,0.16,0.22
query_result,enoughtrumpspam,0.0,0.0,0.22
query_result,blank,0.0,0.0,0.22
recommendation,the_donald,0.9886,0.903,0.9006
recommendation,enoughtrumpspam,0.903,0.9785,0.9773
recommendation,blank,0.9006,0.9773,0.8966

,,the_donald,enoughtrumpspam,blank
query_result,the_donald,0.28,0.28,0.0
query_result,enoughtrumpspam,0.0,0.0,0.28
query_result,blank,0.0,0.0,0.28
recommendation,the_donald,0.9064,0.9455,0.8913
recommendation,enoughtrumpspam,0.9455,0.961,0.914
recommendation,blank,0.8913,0.914,0.9116

,,the_donald,enoughtrumpspam,blank
query_result,the_donald,0.5,0.46,0.38
query_result,enoughtrumpspam,0.0,0.18,0.18
query_result,blank,0.0,0.0,0.16
recommendation,the_donald,0.9837,0.8886,0.9413
recommendation,enoughtrumpspam,0.8886,0.9864,0.9783
recommendation,blank,0.9413,0.9783,0.9413

,,the_donald,enoughtrumpspam,blank
query_result,the_donald,0.16,0.16,0.0
query_result,enoughtrumpspam,0.0,0.0,0.16
query_result,blank,0.0,0.0,0.16
recommendation,the_donald,0.9505,0.916,0.9413
recommendation,enoughtrumpspam,0.916,0.982,0.9701
recommendation,blank,0.9413,0.9701,0.9408

,,the_donald,enoughtrumpspam,blank
query_result,the_donald,0.24,0.24,0.0
query_result,enoughtrumpspam,0.0,0.2,0.24
query_result,blank,0.0,0.0,0.24
recommendation,the_donald,0.9744,0.95,0.95
recommendation,enoughtrumpspam,0.95,0.9842,0.9739
recommendation,blank,0.95,0.9739,0.9528

,,the_donald,enoughtrumpspam,blank
query_result,the_donald,0.28,0.2,0.0
query_result,enoughtrumpspam,0.0,0.12,0.2
query_result,blank,0.0,0.0,0.28
recommendation,the_donald,0.9784,0.9298,0.9631
recommendation,enoughtrumpspam,0.9298,0.9441,0.9636
recommendation,blank,0.9631,0.9636,0.9756

,,the_donald,enoughtrumpspam,blank
query_result,the_donald,0.16,0.16,0.0
query_result,enoughtrumpspam,0.0,0.0,0.16
query_result,blank,0.08,0.08,0.16
recommendation,the_donald,0.9543,0.906,0.9478
recommendation,enoughtrumpspam,0.906,0.9815,0.9864
recommendation,blank,0.9478,0.9864,0.9429

,,the_donald,enoughtrumpspam,blank
query_result,the_donald,0.24,0.2,0.0
query_result,enoughtrumpspam,0.0,0.06,0.2
query_result,blank,0.0,0.0,0.24
recommendation,the_donald,0.9833,0.8922,0.9628
recommendation,enoughtrumpspam,0.8922,0.9839,0.9861
recommendation,blank,0.9628,0.9861,0.9583

,,the_donald,enoughtrumpspam,blank
query_result,the_donald,0.14,0.0,0.0
query_result,enoughtrumpspam,0.36,0.24,0.0
query_result,blank,0.36,0.02,0.24
recommendation,the_donald,0.9604,0.9495,0.9484
recommendation,enoughtrumpspam,0.9495,0.9828,0.9806
recommendation,blank,0.9484,0.9806,0.9511

,,the_donald,enoughtrumpspam,blank
query_result,the_donald,0.16,0.12,0.0
query_result,enoughtrumpspam,0.0,0.14,0.12
query_result,blank,0.0,0.0,0.16
recommendation,the_donald,0.9612,0.9303,0.9676
recommendation,enoughtrumpspam,0.9303,0.984,0.9819
recommendation,blank,0.9676,0.9819,0.9681

,,the_donald,enoughtrumpspam,blank
query_result,the_donald,0.12,0.16,0.04
query_result,enoughtrumpspam,0.0,0.04,0.12
query_result,blank,0.0,0.0,0.16
recommendation,the_donald,0.9526,0.884,0.9443
recommendation,enoughtrumpspam,0.884,0.903,0.9349
recommendation,blank,0.9443,0.9349,0.9161

,,the_donald,enoughtrumpspam,blank
query_result,the_donald,0.16,0.08,0.16
query_result,enoughtrumpspam,0.1,0.08,0.16
query_result,blank,0.14,0.04,0.14
recommendation,the_donald,0.9714,0.9903,0.9345
recommendation,enoughtrumpspam,0.9903,0.9918,0.9372
recommendation,blank,0.9345,0.9372,0.9388

,,the_donald,enoughtrumpspam,blank
query_result,the_donald,0.2,0.12,0.5
query_result,enoughtrumpspam,0.0,0.1,0.54
query_result,blank,0.0,0.0,0.54
recommendation,the_donald,0.9668,0.9641,0.9778
recommendation,enoughtrumpspam,0.9641,0.9078,0.9432
recommendation,blank,0.9778,0.9432,0.9426

,,the_donald,enoughtrumpspam,blank
query_result,the_donald,0.32,0.32,0.2
query_result,enoughtrumpspam,0.0,0.0,0.2
query_result,blank,0.04,0.04,0.2
recommendation,the_donald,0.9761,0.969,0.9701
recommendation,enoughtrumpspam,0.969,0.8335,0.9223
recommendation,blank,0.9701,0.9223,0.9315

,,the_donald,enoughtrumpspam,blank
query_result,the_donald,0.16,0.16,0.16
query_result,enoughtrumpspam,0.0,0.0,0.2
query_result,blank,0.0,0.0,0.2
recommendation,the_donald,0.9685,0.962,0.9418
recommendation,enoughtrumpspam,0.962,0.9605,0.937
recommendation,blank,0.9418,0.937,0.9348

,,the_donald,enoughtrumpspam,blank
query_result,the_donald,0.16,0.16,0.0
query_result,enoughtrumpspam,0.0,0.0,0.16
query_result,blank,0.0,0.0,0.16
recommendation,the_donald,0.9777,0.907,0.9261
recommendation,enoughtrumpspam,0.907,0.868,0.917
recommendation,blank,0.9261,0.917,0.9197

,,the_donald,enoughtrumpspam,blank
query_result,the_donald,0.14,0.14,0.14
query_result,enoughtrumpspam,0.0,0.08,0.08
query_result,blank,0.0,0.0,0.0
recommendation,the_donald,0.9798,0.9693,0.973
recommendation,enoughtrumpspam,0.9693,0.8823,0.975
recommendation,blank,0.973,0.975,0.9725

,,the_donald,enoughtrumpspam,blank
query_result,the_donald,0.36,0.36,0.26
query_result,enoughtrumpspam,0.0,0.0,0.16
query_result,blank,0.0,0.0,0.16
recommendation,the_donald,0.9782,0.912,0.9356
recommendation,enoughtrumpspam,0.912,0.904,0.917
recommendation,blank,0.9356,0.917,0.925

,,the_donald,enoughtrumpspam,blank
query_result,the_donald,0.1,0.1,0.14
query_result,enoughtrumpspam,0.0,0.0,0.18
query_result,blank,0.0,0.0,0.18
recommendation,the_donald,0.9489,0.9095,0.9346
recommendation,enoughtrumpspam,0.9095,0.9155,0.9261
recommendation,blank,0.9346,0.9261,0.9202

,,the_donald,enoughtrumpspam,blank
query_result,the_donald,0.0,0.0,0.08
query_result,enoughtrumpspam,0.0,0.0,0.08
query_result,blank,0.0,0.0,0.08
recommendation,the_donald,0.974,0.9815,0.974
recommendation,enoughtrumpspam,0.9815,0.9725,0.9411
recommendation,blank,0.974,0.9411,0.9448

,,the_donald,enoughtrumpspam,blank
query_result,the_donald,0.14,0.14,0.0
query_result,enoughtrumpspam,0.0,0.0,0.14
query_result,blank,0.0,0.0,0.14
recommendation,the_donald,0.9335,0.844,0.9787
recommendation,enoughtrumpspam,0.844,0.8365,0.9782
recommendation,blank,0.9787,0.9782,0.9745

,,the_donald,enoughtrumpspam,blank
query_result,the_donald,0.04,0.04,0.0
query_result,enoughtrumpspam,0.0,0.0,0.04
query_result,blank,0.0,0.0,0.04
recommendation,the_donald,0.9413,0.8995,0.974
recommendation,enoughtrumpspam,0.8995,0.8885,0.974
recommendation,blank,0.974,0.974,0.973

,,the_donald,enoughtrumpspam,blank
query_result,the_donald,0.16,0.12,0.12
query_result,enoughtrumpspam,0.04,0.0,0.0
query_result,blank,0.0,0.04,0.04
recommendation,the_donald,0.9766,0.9704,0.9699
recommendation,enoughtrumpspam,0.9704,0.9115,0.9245
recommendation,blank,0.9699,0.9245,0.9209

,,the_donald,enoughtrumpspam,blank
query_result,the_donald,0.12,0.12,0.12
query_result,enoughtrumpspam,0.0,0.0,0.04
query_result,blank,0.04,0.04,0.04
recommendation,the_donald,0.9893,0.9695,0.977
recommendation,enoughtrumpspam,0.9695,0.984,0.9168
recommendation,blank,0.977,0.9168,0.9219

,,the_donald,enoughtrumpspam,blank
query_result,the_donald,0.0,0.08,0.0
query_result,enoughtrumpspam,0.0,0.08,0.08
query_result,blank,0.0,0.0,0.0
recommendation,the_donald,0.924,0.8323,0.979
recommendation,enoughtrumpspam,0.8323,0.8521,0.977
recommendation,blank,0.979,0.977,0.972

,,the_donald,enoughtrumpspam,blank
query_result,the_donald,0.08,0.08,0.0
query_result,enoughtrumpspam,0.0,0.0,0.08
query_result,blank,0.0,0.0,0.08
recommendation,the_donald,0.9828,0.9785,0.9911
recommendation,enoughtrumpspam,0.9785,0.9755,0.9901
recommendation,blank,0.9911,0.9901,0.9891

,,the_donald,enoughtrumpspam,blank
query_result,the_donald,0.0,0.0,0.0
query_result,enoughtrumpspam,0.0,0.0,0.0
query_result,blank,0.0,0.0,0.0
recommendation,the_donald,0.9655,0.987,0.9875
recommendation,enoughtrumpspam,0.987,0.9865,0.949
recommendation,blank,0.9875,0.949,0.954

,,the_donald,enoughtrumpspam,blank
query_result,the_donald,0.0,0.0,0.04
query_result,enoughtrumpspam,0.0,0.0,0.04
query_result,blank,0.0,0.0,0.04
recommendation,the_donald,0.9825,0.9875,0.975
recommendation,enoughtrumpspam,0.9875,0.973,0.9709
recommendation,blank,0.975,0.9709,0.9689

,,the_donald,enoughtrumpspam,blank
query_result,the_donald,0.0,0.0,0.0
query_result,enoughtrumpspam,0.0,0.0,0.0
query_result,blank,0.0,0.0,0.0
recommendation,the_donald,0.9845,0.993,0.9685
recommendation,enoughtrumpspam,0.993,0.984,0.983
recommendation,blank,0.9685,0.983,0.98

,,the_donald,enoughtrumpspam,blank
query_result,the_donald,0.0,0.0,0.0
query_result,enoughtrumpspam,0.0,0.0,0.0
query_result,blank,0.0,0.0,0.0
recommendation,the_donald,0.99,0.9925,0.987
recommendation,enoughtrumpspam,0.9925,0.977,0.984
recommendation,blank,0.987,0.984,0.9845

,,the_donald,enoughtrumpspam,blank
query_result,the_donald,0.0,0.04,0.0
query_result,enoughtrumpspam,0.0,0.04,0.04
query_result,blank,0.04,0.04,0.04
recommendation,the_donald,0.981,0.9847,0.9675
recommendation,enoughtrumpspam,0.9847,0.9628,0.9715
recommendation,blank,0.9675,0.9715,0.9724

,,the_donald,enoughtrumpspam,blank
query_result,the_donald,0.08,0.08,0.08
query_result,enoughtrumpspam,0.0,0.0,0.0
query_result,blank,0.0,0.0,0.0
recommendation,the_donald,0.9806,0.98,0.979
recommendation,enoughtrumpspam,0.98,0.9745,0.962
recommendation,blank,0.979,0.962,0.959

,,the_donald,enoughtrumpspam,blank
query_result,the_donald,0.0,0.16,0.04
query_result,enoughtrumpspam,0.16,0.0,0.2
query_result,blank,0.0,0.16,0.04
recommendation,the_donald,0.9825,0.9745,0.962
recommendation,enoughtrumpspam,0.9745,0.9905,0.981
recommendation,blank,0.962,0.981,0.983

,,the_donald,enoughtrumpspam,blank
query_result,the_donald,0.0,0.24,0.38
query_result,enoughtrumpspam,0.24,0.0,0.46
query_result,blank,0.0,0.24,0.38
recommendation,the_donald,0.91,0.9898,0.9745
recommendation,enoughtrumpspam,0.9898,0.9735,0.9869
recommendation,blank,0.9745,0.9869,0.983

,,the_donald,enoughtrumpspam,blank
query_result,the_donald,0.34,0.56,0.38
query_result,enoughtrumpspam,0.2,0.16,0.28
query_result,blank,0.0,0.2,0.06
recommendation,the_donald,0.9844,0.9814,0.9622
recommendation,enoughtrumpspam,0.9814,0.9713,0.9778
recommendation,blank,0.9622,0.9778,0.976

,,the_donald,enoughtrumpspam,blank
query_result,the_donald,0.0,0.2,0.0
query_result,enoughtrumpspam,0.2,0.0,0.2
query_result,blank,0.0,0.2,0.0
recommendation,the_donald,0.967,0.9544,0.983
recommendation,enoughtrumpspam,0.9544,0.98,0.9883
recommendation,blank,0.983,0.9883,0.9895

,,the_donald,enoughtrumpspam,blank
query_result,the_donald,0.0,0.0,0.0
query_result,enoughtrumpspam,0.0,0.0,0.0
query_result,blank,0.0,0.0,0.0
recommendation,the_donald,0.9765,0.982,0.978
recommendation,enoughtrumpspam,0.982,0.981,0.973
recommendation,blank,0.978,0.973,0.98

,,the_donald,enoughtrumpspam,blank
query_result,the_donald,0.0,0.0,0.0
query_result,enoughtrumpspam,0.0,0.0,0.0
query_result,blank,0.0,0.0,0.0
recommendation,the_donald,0.971,0.974,0.97
recommendation,enoughtrumpspam,0.974,0.962,0.9843
recommendation,blank,0.97,0.9843,0.953

,,the_donald,enoughtrumpspam,blank
query_result,the_donald,0.36,0.36,0.44
query_result,enoughtrumpspam,0.0,0.0,0.22
query_result,blank,0.0,0.0,0.22
recommendation,the_donald,0.9639,0.975,0.9807
recommendation,enoughtrumpspam,0.975,0.9825,0.9693
recommendation,blank,0.9807,0.9693,0.9608

,,the_donald,enoughtrumpspam,blank
query_result,the_donald,0.36,0.18,0.36
query_result,enoughtrumpspam,0.24,0.08,0.18
query_result,blank,0.18,0.08,0.18
recommendation,the_donald,0.9844,0.9789,0.983
recommendation,enoughtrumpspam,0.9789,0.9344,0.9545
recommendation,blank,0.983,0.9545,0.9578

,,the_donald,enoughtrumpspam,blank
query_result,the_donald,0.14,0.0,0.14
query_result,enoughtrumpspam,0.14,0.0,0.14
query_result,blank,0.28,0.2,0.28
recommendation,the_donald,0.9832,0.931,0.9695
recommendation,enoughtrumpspam,0.931,0.925,0.9777
recommendation,blank,0.9695,0.9777,0.9733

,,the_donald,enoughtrumpspam,blank
query_result,the_donald,0.16,0.0,0.16
query_result,enoughtrumpspam,0.16,0.0,0.16
query_result,blank,0.16,0.0,0.16
recommendation,the_donald,0.975,0.9755,0.9765
recommendation,enoughtrumpspam,0.9755,0.9475,0.9853
recommendation,blank,0.9765,0.9853,0.9799

,,the_donald,enoughtrumpspam,blank
query_result,the_donald,0.26,0.08,0.26
query_result,enoughtrumpspam,0.22,0.0,0.22
query_result,blank,0.22,0.0,0.22
recommendation,the_donald,0.9795,0.9955,0.981
recommendation,enoughtrumpspam,0.9955,0.9895,0.9807
recommendation,blank,0.981,0.9807,0.9727

